NACA 0009
 1.0000000     0.0000000
 0.9964056     0.0003816
 0.9901282     0.0010441
 0.9827992     0.0018112
 0.9745923     0.0026622
 0.9657797     0.0035667
 0.9566093     0.0044978
 0.9472485     0.0054379
 0.9377916     0.0063771
 0.9282872     0.0073106
 0.9187590     0.0082359
 0.9092186     0.0091525
 0.8996713     0.0100595
 0.8901198     0.0109569
 0.8805654     0.0118448
 0.8710087     0.0127232
 0.8614503     0.0135921
 0.8518902     0.0144517
 0.8423286     0.0153020
 0.8327657     0.0161430
 0.8232016     0.0169748
 0.8136363     0.0177974
 0.8040700     0.0186110
 0.7945028     0.0194153
 0.7849347     0.0202107
 0.7753660     0.0209968
 0.7657966     0.0217739
 0.7562266     0.0225418
 0.7466562     0.0233005
 0.7370855     0.0240501
 0.7275146     0.0247902
 0.7179435     0.0255210
 0.7083724     0.0262425
 0.6988013     0.0269542
 0.6892304     0.0276564
 0.6796597     0.0283488
 0.6700894     0.0290312
 0.6605196     0.0297036
 0.6509503     0.0303658
 0.6413817     0.0310175
 0.6318139     0.0316586
 0.6222470     0.0322891
 0.6126811     0.0329085
 0.6031163     0.0335165
 0.5935527     0.0341132
 0.5839905     0.0346981
 0.5744298     0.0352711
 0.5648706     0.0358316
 0.5553131     0.0363796
 0.5457576     0.0369147
 0.5362039     0.0374366
 0.5266524     0.0379448
 0.5171032     0.0384389
 0.5075564     0.0389188
 0.4980122     0.0393839
 0.4884706     0.0398337
 0.4789320     0.0402679
 0.4693964     0.0406859
 0.4598641     0.0410873
 0.4503353     0.0414717
 0.4408101     0.0418384
 0.4312887     0.0421868
 0.4217715     0.0425166
 0.4122586     0.0428269
 0.4027502     0.0431171
 0.3932467     0.0433867
 0.3837484     0.0436348
 0.3742555     0.0438609
 0.3647683     0.0440642
 0.3552873     0.0442438
 0.3458128     0.0443990
 0.3363453     0.0445288
 0.3268851     0.0446324
 0.3174328     0.0447088
 0.3079889     0.0447570
 0.2985540     0.0447759
 0.2891287     0.0447645
 0.2797137     0.0447215
 0.2703098     0.0446459
 0.2609178     0.0445360
 0.2515388     0.0443908
 0.2421737     0.0442086
 0.2328238     0.0439879
 0.2234905     0.0437271
 0.2141752     0.0434242
 0.2048797     0.0430775
 0.1956061     0.0426848
 0.1863566     0.0422440
 0.1771339     0.0417526
 0.1679413     0.0412082
 0.1587823     0.0406078
 0.1496616     0.0399485
 0.1405844     0.0392269
 0.1315574     0.0384395
 0.1225889     0.0375826
 0.1136895     0.0366518
 0.1048731     0.0356432
 0.0961581     0.0345523
 0.0875700     0.0333755
 0.0791443     0.0321102
 0.0709305     0.0307563
 0.0629966     0.0293180
 0.0554308     0.0278065
 0.0483371     0.0262418
 0.0418193     0.0246522
 0.0359560     0.0230702
 0.0307794     0.0215255
 0.0262708     0.0200391
 0.0223730     0.0186212
 0.0190096     0.0172726
 0.0161014     0.0159880
 0.0135770     0.0147591
 0.0113761     0.0135765
 0.0094496     0.0124308
 0.0077585     0.0113133
 0.0062730     0.0102154
 0.0049704     0.0091299
 0.0038342     0.0080506
 0.0028537     0.0069720
 0.0020215     0.0058904
 0.0013353     0.0048051
 0.0007937     0.0037184
 0.0003947     0.0026312
 0.0001370     0.0015558
 0.0000149     0.0005121
 0.0000149    -0.0005121
 0.0001370    -0.0015558
 0.0003947    -0.0026312
 0.0007937    -0.0037184
 0.0013353    -0.0048051
 0.0020215    -0.0058904
 0.0028537    -0.0069720
 0.0038342    -0.0080506
 0.0049704    -0.0091299
 0.0062730    -0.0102154
 0.0077585    -0.0113133
 0.0094496    -0.0124308
 0.0113761    -0.0135765
 0.0135770    -0.0147591
 0.0161014    -0.0159880
 0.0190096    -0.0172726
 0.0223730    -0.0186212
 0.0262708    -0.0200391
 0.0307794    -0.0215255
 0.0359560    -0.0230702
 0.0418193    -0.0246522
 0.0483371    -0.0262418
 0.0554308    -0.0278065
 0.0629966    -0.0293180
 0.0709305    -0.0307563
 0.0791443    -0.0321102
 0.0875700    -0.0333755
 0.0961581    -0.0345523
 0.1048731    -0.0356432
 0.1136895    -0.0366518
 0.1225889    -0.0375826
 0.1315574    -0.0384395
 0.1405844    -0.0392269
 0.1496616    -0.0399485
 0.1587823    -0.0406078
 0.1679413    -0.0412082
 0.1771339    -0.0417526
 0.1863566    -0.0422440
 0.1956061    -0.0426848
 0.2048797    -0.0430775
 0.2141752    -0.0434242
 0.2234905    -0.0437271
 0.2328238    -0.0439879
 0.2421737    -0.0442086
 0.2515388    -0.0443908
 0.2609178    -0.0445360
 0.2703098    -0.0446459
 0.2797137    -0.0447215
 0.2891287    -0.0447645
 0.2985540    -0.0447759
 0.3079889    -0.0447570
 0.3174328    -0.0447088
 0.3268851    -0.0446324
 0.3363453    -0.0445288
 0.3458128    -0.0443990
 0.3552873    -0.0442438
 0.3647683    -0.0440642
 0.3742555    -0.0438609
 0.3837484    -0.0436348
 0.3932467    -0.0433867
 0.4027502    -0.0431171
 0.4122586    -0.0428269
 0.4217715    -0.0425166
 0.4312887    -0.0421868
 0.4408101    -0.0418384
 0.4503353    -0.0414717
 0.4598641    -0.0410873
 0.4693964    -0.0406859
 0.4789320    -0.0402679
 0.4884706    -0.0398337
 0.4980122    -0.0393839
 0.5075564    -0.0389188
 0.5171032    -0.0384389
 0.5266524    -0.0379448
 0.5362039    -0.0374366
 0.5457576    -0.0369147
 0.5553131    -0.0363796
 0.5648706    -0.0358316
 0.5744298    -0.0352711
 0.5839905    -0.0346981
 0.5935527    -0.0341132
 0.6031163    -0.0335165
 0.6126811    -0.0329085
 0.6222470    -0.0322891
 0.6318139    -0.0316586
 0.6413817    -0.0310175
 0.6509503    -0.0303658
 0.6605196    -0.0297036
 0.6700894    -0.0290312
 0.6796597    -0.0283488
 0.6892304    -0.0276564
 0.6988013    -0.0269542
 0.7083724    -0.0262425
 0.7179435    -0.0255210
 0.7275146    -0.0247902
 0.7370855    -0.0240501
 0.7466562    -0.0233005
 0.7562266    -0.0225418
 0.7657966    -0.0217739
 0.7753660    -0.0209968
 0.7849347    -0.0202107
 0.7945028    -0.0194153
 0.8040700    -0.0186110
 0.8136363    -0.0177974
 0.8232016    -0.0169748
 0.8327657    -0.0161430
 0.8423286    -0.0153020
 0.8518902    -0.0144517
 0.8614503    -0.0135921
 0.8710087    -0.0127232
 0.8805654    -0.0118448
 0.8901198    -0.0109569
 0.8996713    -0.0100595
 0.9092186    -0.0091525
 0.9187590    -0.0082359
 0.9282872    -0.0073106
 0.9377916    -0.0063771
 0.9472485    -0.0054379
 0.9566093    -0.0044978
 0.9657797    -0.0035667
 0.9745923    -0.0026622
 0.9827992    -0.0018112
 0.9901282    -0.0010441
 0.9964056    -0.0003816
 1.0000000     0.0000000
