1.0 0.0
0.9961772 0.0009222
0.9898491 0.0024379
0.9827823 0.0041144
0.9749957 0.0059425
0.9665593 0.0079003
0.9575816 0.009958
0.9481855 0.0120834
0.9384854 0.0142475
0.9285742 0.0164274
0.9185205 0.0186067
0.908372 0.0207742
0.8981604 0.0229225
0.8879063 0.025047
0.8776229 0.0271448
0.8673184 0.0292142
0.8569984 0.0312542
0.8466661 0.033264
0.836324 0.0352433
0.8259734 0.0371918
0.8156156 0.0391092
0.8052512 0.0409956
0.7948808 0.0428507
0.7845051 0.0446745
0.7741244 0.0464668
0.7637391 0.0482275
0.7533496 0.0499564
0.7429562 0.0516536
0.7325594 0.0533187
0.7221595 0.0549514
0.7117567 0.0565518
0.7013516 0.0581196
0.6909444 0.0596544
0.6805355 0.061156
0.6701253 0.0626243
0.6597141 0.0640587
0.6493023 0.0654591
0.6388903 0.0668249
0.6284785 0.0681561
0.6180673 0.069452
0.607657 0.0707122
0.5972481 0.0719364
0.586841 0.0731241
0.5764362 0.0742749
0.5660341 0.0753881
0.5556351 0.0764633
0.5452397 0.0774999
0.5348486 0.0784973
0.5244621 0.0794548
0.5140809 0.0803721
0.5037056 0.0812481
0.493337 0.0820822
0.4829761 0.0828738
0.4726238 0.0836222
0.4622817 0.0843263
0.4519517 0.0849854
0.4416365 0.0855985
0.4313408 0.0861648
0.4210696 0.0866829
0.4108318 0.0871528
0.4006463 0.0875711
0.3905291 0.0879293
0.3804706 0.088216
0.3704463 0.0884299
0.3604509 0.088572
0.3504815 0.0886411
0.3405349 0.0886363
0.3306107 0.0885569
0.320709 0.0884018
0.3108304 0.0881698
0.3009761 0.08786
0.2911475 0.0874711
0.2813462 0.087002
0.2715742 0.0864515
0.2618337 0.0858184
0.2521271 0.0851014
0.242457 0.0842992
0.2328264 0.0834105
0.2232387 0.0824342
0.2136976 0.0813688
0.2042075 0.080213
0.1947731 0.0789657
0.1854001 0.0776257
0.1760952 0.0761919
0.1668661 0.0746635
0.1577221 0.0730399
0.1486744 0.071321
0.1397366 0.0695073
0.1309251 0.0676002
0.1222601 0.0656025
0.1137658 0.0635183
0.1054713 0.0613542
0.0974104 0.0591193
0.0896213 0.0568258
0.0821451 0.054489
0.0750231 0.0521273
0.0682934 0.0497608
0.0619866 0.0474104
0.0561226 0.0450958
0.0507082 0.042834
0.0457378 0.0406377
0.0411948 0.0385158
0.0370541 0.0364726
0.033286 0.034509
0.0298585 0.0326231
0.0267395 0.0308112
0.0238988 0.0290683
0.0213084 0.0273889
0.0189432 0.025767
0.0167809 0.0241971
0.0148024 0.0226734
0.0129907 0.0211907
0.0113317 0.019744
0.009813 0.0183289
0.0084247 0.0169411
0.0071581 0.0155769
0.0060064 0.0142327
0.0049642 0.0129058
0.0040271 0.0115938
0.0031921 0.010295
0.0024567 0.0090075
0.0018195 0.007731
0.0012799 0.0064663
0.0008369 0.0052146
0.0004891 0.0039752
0.0002355 0.0027512
7.55e-05 0.0015529
4.7e-06 0.0003849
1.9e-05 -0.000771
0.0001221 -0.0019405
0.0003236 -0.0031309
0.0006304 -0.0043297
0.0010463 -0.005525
0.0015746 -0.0067119
0.0022166 -0.0078846
0.0029721 -0.009038
0.0038395 -0.0101679
0.0048179 -0.0112728
0.0059065 -0.0123517
0.0071054 -0.013405
0.0084159 -0.0144338
0.0098406 -0.0154397
0.0113841 -0.0164246
0.0130521 -0.0173908
0.0148528 -0.0183403
0.0167959 -0.0192752
0.0188938 -0.0201979
0.021161 -0.02111
0.0236152 -0.0220135
0.0262769 -0.0229096
0.0291699 -0.0237996
0.0323218 -0.0246839
0.0357639 -0.0255626
0.0395317 -0.026435
0.0436642 -0.0272994
0.0482025 -0.0281526
0.0531866 -0.0289901
0.0586524 -0.029805
0.064628 -0.0305892
0.071129 -0.0313333
0.0781548 -0.0320271
0.0856868 -0.0326606
0.0936896 -0.0332256
0.1021152 -0.0337159
0.1109098 -0.034128
0.1200187 -0.034461
0.1293912 -0.0347167
0.1389832 -0.0348976
0.1487574 -0.0350083
0.1586838 -0.0350535
0.168738 -0.0350381
0.1789008 -0.0349671
0.1891569 -0.0348457
0.1994941 -0.0346783
0.2099024 -0.0344696
0.220374 -0.0342238
0.2309022 -0.0339449
0.2414816 -0.0336364
0.2521073 -0.0333019
0.2627756 -0.0329448
0.2734827 -0.0325681
0.2842255 -0.0321748
0.2950009 -0.0317675
0.3058059 -0.031349
0.316637 -0.0309216
0.3274902 -0.0304879
0.3383601 -0.0300503
0.349239 -0.0296108
0.3601157 -0.029172
0.3709828 -0.0287362
0.3818338 -0.0283046
0.392663 -0.0278809
0.4034783 -0.0274614
0.4142764 -0.0270337
0.4250637 -0.0265919
0.4358544 -0.0261365
0.4466507 -0.0256689
0.4574548 -0.02519
0.4682687 -0.0247007
0.4790924 -0.0242023
0.4899264 -0.0236953
0.5007703 -0.0231809
0.511624 -0.0226598
0.5224871 -0.0221329
0.5333592 -0.0216012
0.5442396 -0.0210651
0.5551279 -0.0205256
0.5660235 -0.0199832
0.5769253 -0.0194387
0.5878325 -0.0188928
0.5987434 -0.018346
0.6096556 -0.017799
0.6205663 -0.0172523
0.6314743 -0.0167067
0.6423791 -0.0161623
0.6532803 -0.0156198
0.664178 -0.0150794
0.6750725 -0.0145416
0.6859638 -0.0140063
0.6968524 -0.0134741
0.7077385 -0.0129451
0.7186225 -0.0124193
0.7295046 -0.0118972
0.7403853 -0.0113787
0.7512648 -0.010864
0.7621434 -0.0103531
0.7730215 -0.0098461
0.7838993 -0.0093431
0.7947769 -0.008844
0.8056547 -0.0083487
0.8165325 -0.0078574
0.8274104 -0.0073698
0.8382878 -0.006886
0.849164 -0.0064058
0.8600373 -0.0059292
0.8709049 -0.0054562
0.8817618 -0.0049867
0.8925998 -0.004521
0.9034056 -0.0040593
0.914157 -0.0036022
0.9248192 -0.003151
0.9353386 -0.0027076
0.9456359 -0.0022749
0.9556024 -0.001857
0.9651037 -0.0014594
0.9739965 -0.0010876
0.9821586 -0.0007464
0.9895178 -0.0004387
0.9960647 -0.0001648
1.0 0.0
